City_ID,City,Lat,Lng,Max Temp,Humidity,Cloudiness,Wind Speed,Country,Date
0,sakakah,29.97,40.21,46.4,61,6,11.41,SA,1581212422
1,carballo,43.21,-8.69,54.0,76,88,11.41,ES,1581212423
2,inirida,3.87,-67.92,75.69,70,0,2.33,CO,1581212423
3,mataura,-46.19,168.86,55.0,87,100,13.0,NZ,1581212423
4,monte alegre,-2.01,-54.07,72.77,96,99,5.21,BR,1581212423
5,geraldton,-28.77,114.6,75.2,57,0,19.46,AU,1581211826
6,ushuaia,-54.8,-68.3,55.4,66,0,5.82,AR,1581212423
7,puerto ayora,-0.74,-90.35,78.93,85,39,6.13,EC,1581212423
8,tukrah,32.53,20.58,53.87,60,83,2.53,LY,1581212423
9,kirya,-3.92,37.48,68.18,93,49,1.81,TZ,1581212423
10,khasan,42.43,130.64,19.04,46,17,3.06,RU,1581212423
11,kempsey,-31.08,152.83,75.0,94,75,11.41,AU,1581212423
12,riyadh,24.69,46.72,62.6,33,0,6.93,SA,1581212187
13,cape town,-33.93,18.42,68.0,100,75,16.11,ZA,1581212187
14,soto la marina,23.77,-98.22,68.86,95,30,10.33,MX,1581212424
15,henties bay,-22.12,14.28,63.0,88,0,2.42,NA,1581212424
16,evensk,61.95,159.23,-4.92,60,0,9.89,RU,1581212424
17,wukari,7.85,9.78,73.98,24,8,4.45,NG,1581212424
18,barra,-11.09,-43.14,74.7,84,94,9.04,BR,1581212424
19,rikitea,-23.12,-134.97,77.38,78,44,15.82,PF,1581212424
20,indiana,40.0,-86.25,32.0,100,90,4.7,US,1581212424
21,marigot,18.07,-63.08,78.01,83,75,12.75,MF,1581212424
22,lebanon,36.21,-86.29,42.8,59,1,1.81,US,1581212424
23,klaksvik,62.23,-6.59,37.4,69,1,11.41,FO,1581211838
24,bethel,41.37,-73.41,33.8,86,75,3.33,US,1581212194
25,okakarara,-20.58,17.43,63.95,37,0,5.23,NA,1581212424
26,jamestown,42.1,-79.24,26.01,100,90,3.36,US,1581212195
27,catamarca,-28.47,-65.79,73.0,99,78,4.79,AR,1581211825
28,jhajjar,28.61,76.66,48.2,100,0,1.7,IN,1581212425
29,cermik,38.14,39.45,21.2,44,75,26.4,TR,1581212425
30,melilla,35.29,-2.94,55.4,82,0,7.07,ES,1581212425
31,vaini,-21.2,-175.2,87.8,74,20,10.29,TO,1581212220
32,lebu,-37.62,-73.65,56.73,77,0,6.42,CL,1581212425
33,bredasdorp,-34.53,20.04,69.8,83,9,3.36,ZA,1581212425
34,avarua,-21.21,-159.78,84.2,79,100,12.75,CK,1581212215
35,isangel,-19.55,169.27,87.8,74,75,13.87,VU,1581211828
36,fort-shevchenko,44.51,50.26,29.89,96,100,21.03,KZ,1581212425
37,castro,-24.79,-50.01,63.5,98,77,2.73,BR,1581212425
38,benjamin aceval,-24.97,-57.57,82.4,74,69,4.7,PY,1581212425
39,westerland,54.91,8.3,43.0,92,92,8.01,DE,1581212425
40,santa pola,38.19,-0.57,57.2,71,20,5.82,ES,1581212425
41,busselton,-33.65,115.33,72.0,32,0,10.47,AU,1581212425
42,bluff,-46.6,168.33,55.0,87,100,13.0,NZ,1581212425
43,champerico,14.3,-91.92,77.07,78,4,2.91,GT,1581212426
44,penjamo,20.43,-101.73,69.8,26,40,4.7,MX,1581212426
45,pangnirtung,66.15,-65.71,-28.91,91,80,1.63,CA,1581212426
46,dikson,73.51,80.55,-15.02,94,22,8.95,RU,1581212426
47,kruisfontein,-34.0,24.73,63.66,88,0,2.71,ZA,1581211830
48,khatanga,71.97,102.5,-9.2,96,100,4.38,RU,1581212426
49,port hardy,50.7,-127.42,42.8,92,20,10.29,CA,1581212426
50,kaura namoda,12.59,6.58,68.07,22,0,14.07,NG,1581212426
51,milkovo,54.72,158.62,3.58,93,100,6.38,RU,1581212426
52,qaanaaq,77.48,-69.36,-20.88,67,0,4.45,GL,1581212426
53,front royal,38.92,-78.19,37.99,59,90,3.2,US,1581212249
54,mar del plata,-38.0,-57.56,62.01,67,75,11.41,AR,1581212426
55,ponta do sol,32.67,-17.1,64.4,72,20,5.82,PT,1581212426
56,nizhniy kuranakh,58.84,125.49,13.6,93,100,7.38,RU,1581212426
57,dingle,11.0,122.67,81.3,76,85,13.56,PH,1581212427
58,barrow,71.29,-156.79,-34.6,96,1,4.99,US,1581212427
59,ribeira grande,38.52,-28.7,58.84,84,100,15.28,PT,1581212427
60,hobart,-42.88,147.33,66.99,45,75,9.17,AU,1581212416
61,port lincoln,-34.73,135.87,81.25,44,0,12.53,AU,1581211830
62,erzin,36.96,36.2,35.6,34,40,12.75,TR,1581212427
63,kyren,51.68,102.14,22.23,59,36,8.88,RU,1581212427
64,ikeda,34.82,135.43,44.01,52,20,18.34,JP,1581212427
65,rawson,-43.3,-65.1,59.07,78,0,10.22,AR,1581211838
66,nikolskoye,59.7,30.79,32.0,92,75,2.24,RU,1581212427
67,chuy,-33.7,-53.46,66.51,86,11,9.84,UY,1581212428
68,saint-philippe,-21.36,55.77,73.4,83,20,6.93,RE,1581212428
69,georgetown,5.41,100.34,80.6,83,20,3.62,MY,1581211835
70,tasiilaq,65.61,-37.64,28.4,86,100,40.26,GL,1581212311
71,puerto carreno,6.19,-67.49,81.05,46,2,9.22,CO,1581211839
72,port alfred,-33.59,26.89,66.0,97,4,1.99,ZA,1581212339
73,severo-kurilsk,50.68,156.12,26.94,96,100,44.4,RU,1581211837
74,touros,-5.2,-35.46,78.8,83,20,4.7,BR,1581212428
75,ormara,25.21,64.64,70.39,55,76,4.81,PK,1581212428
76,naze,28.37,129.48,59.0,58,75,10.29,JP,1581212428
77,atuona,-9.8,-139.03,81.52,68,0,15.66,PF,1581212428
78,albany,42.6,-73.97,19.99,78,1,2.33,US,1581212428
79,moberly,39.42,-92.44,33.01,88,1,8.05,US,1581212429
80,kayerkan,69.35,87.76,-13.0,83,23,4.47,RU,1581212429
81,upernavik,72.79,-56.15,-20.13,94,100,3.69,GL,1581211845
82,babati,-4.22,35.75,61.07,95,2,1.86,TZ,1581212429
83,new norfolk,-42.78,147.06,66.0,45,75,9.17,AU,1581212209
84,pevek,69.7,170.31,-29.51,100,100,6.08,RU,1581212429
85,sidi ali,36.1,0.42,51.35,86,100,2.89,DZ,1581211844
86,svetlyy,54.67,20.13,33.8,74,87,6.71,RU,1581212429
87,lyuban,52.8,28.0,27.97,92,67,4.29,BY,1581212429
88,sayyan,15.17,44.32,52.56,84,0,4.03,YE,1581212429
89,shitanjing,39.23,106.34,34.81,26,0,4.72,CN,1581212429
90,saldanha,-33.01,17.94,60.8,93,2,6.93,ZA,1581212430
91,porto novo,6.5,2.6,80.6,94,0,8.05,BJ,1581212430
92,kapaa,22.08,-159.32,77.0,44,40,16.11,US,1581212320
93,saskylakh,71.92,114.08,-8.14,98,100,1.23,RU,1581212430
94,malanje,-9.54,16.34,65.52,92,99,2.68,AO,1581212430
95,kodiak,57.79,-152.41,39.2,55,40,13.87,US,1581212430
96,kaitangata,-46.28,169.85,55.22,81,100,25.93,NZ,1581212430
97,nuuk,64.18,-51.72,12.2,66,71,11.41,GL,1581211854
98,conceicao do rio verde,-21.88,-45.09,63.7,95,65,2.3,BR,1581212430
99,leh,34.17,77.58,-10.95,13,0,3.29,IN,1581212430
100,arraial do cabo,-22.97,-42.03,77.09,82,58,25.84,BR,1581212430
101,araouane,18.9,-3.53,69.44,16,100,8.63,ML,1581212430
102,kyenjojo,0.63,30.62,60.78,90,5,2.01,UG,1581212431
103,petropavlovsk-kamchatskiy,53.05,158.65,23.0,62,20,6.71,RU,1581212431
104,ushtobe,45.25,77.98,36.25,50,47,9.73,KZ,1581212431
105,san cristobal,7.77,-72.22,80.6,65,40,2.24,VE,1581211836
106,kununurra,-15.77,128.73,89.6,62,100,2.24,AU,1581212431
107,roebourne,-20.78,117.13,86.05,60,98,19.35,AU,1581212431
108,sao jose da coroa grande,-8.9,-35.15,81.39,75,96,10.87,BR,1581212431
109,sawang daen din,17.48,103.46,80.89,49,0,11.59,TH,1581212431
110,kirensk,57.79,108.11,19.17,94,100,14.03,RU,1581212431
111,pueblo,38.25,-104.61,39.2,86,1,5.82,US,1581212431
112,betong,5.77,101.07,81.77,57,100,3.78,TH,1581212431
113,kamenka,51.32,42.77,1.99,88,0,3.0,RU,1581212431
114,hemnesberget,66.23,13.63,32.0,89,100,1.99,NO,1581212432
115,nyurba,63.28,118.33,-3.95,99,100,2.3,RU,1581212432
116,french harbor,16.35,-86.43,80.6,83,20,13.87,HN,1581212432
117,leningradskiy,69.38,178.42,-20.04,91,100,23.67,RU,1581212432
118,chalus,36.66,51.42,53.6,71,40,21.92,IR,1581212432
119,victoria,22.29,114.16,61.0,77,40,6.93,HK,1581211574
120,yellowknife,62.46,-114.35,-5.8,83,75,2.24,CA,1581212432
121,vardo,70.37,31.11,35.4,80,100,15.12,NO,1581212432
122,winnemucca,40.97,-117.74,39.2,35,90,13.87,US,1581212432
123,sao filipe,14.9,-24.5,71.91,57,99,20.11,CV,1581211846
124,sitka,57.05,-135.33,37.4,86,90,12.75,US,1581212432
125,hilo,19.73,-155.09,77.0,47,90,3.36,US,1581212432
126,punta arenas,-53.15,-70.92,55.4,71,66,12.75,CL,1581212432
127,kahului,20.89,-156.47,86.0,56,75,9.17,US,1581211683
128,lamar,33.67,-95.58,59.0,50,90,10.29,US,1581212433
129,butaritari,3.07,172.79,83.68,80,79,17.74,KI,1581212433
130,caborca,30.58,-111.1,68.0,27,0,9.42,MX,1581212433
131,saint george,37.1,-113.58,60.01,30,1,4.7,US,1581211720
132,heishan,41.69,122.11,30.69,50,23,9.17,CN,1581212433
133,inuvik,68.35,-133.72,-20.2,75,90,4.7,CA,1581212433
134,lodja,-3.48,23.43,69.15,98,100,3.33,CD,1581212433
135,paine,-33.82,-70.75,77.0,20,0,10.29,CL,1581212433
136,sur,22.57,59.53,63.72,67,50,5.88,OM,1581211834
137,cabo san lucas,22.89,-109.91,69.01,77,75,5.82,MX,1581211766
138,iqaluit,63.75,-68.51,-22.0,67,75,2.24,CA,1581212433
139,bonavista,48.65,-53.11,21.99,72,24,14.0,CA,1581212433
140,nuevitas,21.55,-77.26,75.2,94,79,9.17,CU,1581211849
141,belyy yar,53.6,91.39,33.8,59,100,6.71,RU,1581212433
142,beloha,-25.17,45.05,72.48,73,0,6.6,MG,1581212434
143,cidreira,-30.18,-50.21,77.94,89,27,14.61,BR,1581212185
144,rodrigues alves,-7.74,-72.65,72.93,96,100,1.83,BR,1581212434
145,yeppoon,-23.13,150.73,86.0,70,75,9.17,AU,1581211836
146,rorvik,64.86,11.24,40.73,71,33,21.9,NO,1581212434
147,constitucion,-35.33,-72.42,53.83,76,0,2.89,CL,1581211843
148,niksic,42.77,18.94,46.4,92,0,2.24,ME,1581212434
149,luderitz,-26.65,15.16,64.4,82,0,10.29,NA,1581212362
150,los llanos de aridane,28.66,-17.92,64.4,72,63,9.17,ES,1581212434
151,kanigoro,-8.13,112.22,76.96,90,100,8.21,ID,1581212434
152,longyearbyen,78.22,15.64,19.4,73,0,17.22,SJ,1581212434
153,souillac,-20.52,57.52,77.0,73,20,5.82,MU,1581212434
154,port elizabeth,-33.92,25.57,66.2,93,8,1.12,ZA,1581212434
155,muros,42.78,-9.06,57.0,87,20,10.29,ES,1581212434
156,comodoro rivadavia,-45.87,-67.5,55.4,87,0,3.36,AR,1581212434
157,hermanus,-34.42,19.23,64.99,94,67,11.3,ZA,1581212268
158,mahebourg,-20.41,57.7,77.0,73,20,5.82,MU,1581212435
159,esperance,-33.87,121.9,69.8,56,75,18.34,AU,1581212253
160,chokurdakh,70.63,147.92,-27.31,90,94,3.11,RU,1581212435
161,hirara,24.8,125.28,62.6,59,75,12.75,JP,1581212435
162,salalah,17.02,54.09,69.8,73,20,4.7,OM,1581211839
163,ileanda,47.33,23.63,21.2,73,0,3.36,RO,1581212435
164,coos bay,43.37,-124.22,45.0,87,90,11.41,US,1581212435
165,faanui,-16.48,-151.75,82.4,83,100,21.18,PF,1581212435
166,pathein,16.78,94.73,82.78,37,0,4.03,MM,1581211838
167,caidian,30.58,114.03,42.8,93,0,4.12,CN,1581212435
168,bilma,18.69,12.92,58.1,26,6,7.96,NE,1581211843
169,haines junction,60.75,-137.51,17.55,94,92,15.48,CA,1581212435
170,hasaki,35.73,140.83,41.0,34,20,6.93,JP,1581212435
171,tiksi,71.69,128.87,-19.08,66,0,5.1,RU,1581211844
172,te anau,-45.42,167.72,59.05,64,26,5.99,NZ,1581212436
173,deputatskiy,69.3,139.9,-40.38,98,47,1.59,RU,1581212436
174,sabha,27.04,14.43,48.11,52,0,9.98,LY,1581211825
175,jardim,-21.48,-56.14,72.27,96,0,3.31,BR,1581212436
176,iwanai,42.97,140.51,15.66,85,100,14.7,JP,1581212436
177,manakara,-22.13,48.02,73.27,92,52,2.15,MG,1581212436
178,east london,-33.02,27.91,69.46,80,33,1.3,ZA,1581212436
179,taksimo,56.34,114.88,0.14,93,88,2.28,RU,1581212436
180,hearst,49.68,-83.67,7.79,87,65,9.8,CA,1581212436
181,clarence town,-32.58,151.78,71.01,100,90,8.05,AU,1581212436
182,vaitape,-16.52,-151.75,82.4,83,100,21.18,PF,1581212436
183,nova vodolaha,49.72,35.87,8.6,84,0,4.47,UA,1581212436
184,bose,45.46,8.01,41.0,74,57,6.93,IT,1581212437
185,strezhevoy,60.73,77.59,-9.4,76,40,2.24,RU,1581212437
186,san julian,21.02,-102.17,60.73,30,0,7.92,MX,1581212437
187,torbay,47.67,-52.73,24.01,67,90,23.04,CA,1581212437
188,husavik,66.04,-17.34,26.6,79,1,4.7,IS,1581212437
189,union de san antonio,21.1,-101.97,69.8,26,40,4.7,MX,1581212437
190,najran,17.49,44.13,66.2,37,20,6.93,SA,1581211855
191,iracoubo,5.48,-53.2,79.23,74,50,17.9,GF,1581212437
192,vila do maio,15.13,-23.22,69.8,83,100,20.8,CV,1581212437
193,roald,62.58,6.13,46.99,39,100,18.34,NO,1581212437
194,matias olimpio,-3.72,-42.56,73.74,97,99,3.56,BR,1581212437
195,poronaysk,49.22,143.12,5.68,67,27,8.86,RU,1581212437
196,gunnedah,-30.98,150.25,73.4,88,40,2.24,AU,1581212437
197,celestun,20.87,-90.4,75.34,86,99,25.03,MX,1581212438
198,tamworth,52.63,-1.7,48.99,87,75,18.34,GB,1581212438
199,thompson,55.74,-97.86,8.6,84,75,4.7,CA,1581212235
200,san patricio,19.22,-104.7,78.8,83,5,6.87,MX,1581212438
201,cherskiy,68.75,161.3,-23.33,77,78,6.26,RU,1581212438
202,brunico,46.8,11.94,30.0,92,19,1.12,IT,1581212438
203,burnie,-41.07,145.92,64.0,74,66,5.99,AU,1581212242
204,stornoway,58.21,-6.39,39.2,80,100,10.29,GB,1581212438
205,san matias,-16.37,-58.4,77.41,90,99,2.35,BO,1581212438
206,safford,32.83,-109.71,62.6,29,1,9.17,US,1581212438
207,vieux-habitants,16.06,-61.77,75.2,83,0,4.7,GP,1581212438
208,hithadhoo,-0.6,73.08,82.69,72,97,7.85,MV,1581212438
209,lorengau,-2.02,147.27,82.85,77,100,18.59,PG,1581212439
210,ciudad bolivar,8.12,-63.55,78.64,64,7,13.2,VE,1581212439
211,darnah,32.77,22.64,55.65,65,99,7.38,LY,1581212439
212,turayf,31.67,38.66,39.2,93,75,20.8,SA,1581212439
213,tiarei,-17.53,-149.33,87.8,62,40,9.17,PF,1581212439
214,sterling,39.01,-77.43,37.99,80,1,6.06,US,1581212439
215,pinawa,50.15,-95.88,-2.63,98,49,3.36,CA,1581212439
216,coihaique,-45.58,-72.07,59.0,67,6,2.24,CL,1581212439
217,ipixuna,-1.76,-48.8,75.2,94,75,4.7,BR,1581212439
218,nanortalik,60.14,-45.24,17.8,77,67,39.55,GL,1581212439
219,jacareacanga,-6.22,-57.75,72.34,98,100,0.43,BR,1581212439
220,namatanai,-3.67,152.43,84.45,74,100,11.83,PG,1581212439
221,araguari,-18.65,-48.19,69.8,83,40,8.05,BR,1581212357
222,havre-saint-pierre,50.23,-63.6,3.2,45,1,9.17,CA,1581212439
223,lompoc,34.64,-120.46,57.99,76,75,10.29,US,1581212440
224,pingliang,35.54,106.69,37.47,20,0,2.17,CN,1581212440
225,codrington,-38.27,141.97,65.89,82,99,26.82,AU,1581212440
226,dakar,14.69,-17.44,73.4,83,25,11.41,SN,1581212362
227,myitkyina,25.38,97.4,62.2,62,100,4.21,MM,1581212440
228,fortuna,40.6,-124.16,50.0,61,20,16.11,US,1581211849
229,aklavik,68.22,-135.01,-20.2,75,90,4.7,CA,1581211840
230,brokopondo,4.75,-55.17,71.89,91,73,5.7,SR,1581212440
231,karratha,-20.74,116.85,83.73,78,74,17.45,AU,1581212440
232,port hawkesbury,45.62,-61.35,19.99,85,90,5.82,CA,1581212440
233,markapur,15.73,79.28,76.98,70,63,10.67,IN,1581212440
234,hinatuan,8.37,126.33,80.62,74,89,10.38,PH,1581212440
235,tazovskiy,67.47,78.7,-15.03,92,65,7.78,RU,1581211855
236,gonaives,19.45,-72.68,68.77,95,5,5.26,HT,1581212441
237,abu dhabi,24.47,54.37,66.2,63,32,3.36,AE,1581212441
238,bambous virieux,-20.34,57.76,77.0,73,20,5.82,MU,1581212441
239,lages,-27.82,-50.33,63.68,98,12,1.74,BR,1581212441
240,byron bay,-28.65,153.62,80.01,78,75,6.29,AU,1581212441
241,cartagena del chaira,1.33,-74.84,77.9,60,71,2.51,CO,1581212441
242,megion,61.03,76.11,-9.4,76,40,2.24,RU,1581212441
243,uberlandia,-18.92,-48.28,69.8,83,40,8.05,BR,1581212365
244,saint-pierre,-21.34,55.48,73.4,83,20,6.93,RE,1581212441
245,pasni,25.26,63.47,62.51,73,98,1.48,PK,1581212441
246,luwuk,-0.95,122.79,83.57,72,100,9.35,ID,1581212441
247,slatina,44.43,24.37,23.0,92,0,4.7,RO,1581212441
248,humberto de campos,-2.6,-43.46,76.33,92,100,4.09,BR,1581212441
249,tekanto,21.02,-89.1,78.8,74,75,8.05,MX,1581212442
250,manaquiri,-3.32,-60.35,84.2,66,75,6.93,BR,1581212442
251,coolum beach,-26.53,153.1,82.99,82,100,6.51,AU,1581212442
252,sangolqui,-0.33,-78.45,59.0,82,75,6.93,EC,1581212442
253,carnarvon,-24.87,113.63,78.8,65,0,21.92,AU,1581212442
254,komsomolskiy,40.43,71.72,37.4,55,71,2.24,UZ,1581212442
255,leiyang,26.4,112.86,47.73,84,97,5.1,CN,1581212442
256,alice springs,-23.7,133.88,93.2,16,0,8.05,AU,1581212442
257,kannur,11.87,75.36,68.0,94,20,5.82,IN,1581212442
258,pano aqil,27.86,69.11,59.2,23,0,3.78,PK,1581212442
259,yenagoa,4.92,6.26,75.25,95,84,2.06,NG,1581212442
260,pisco,-13.7,-76.22,73.0,83,75,20.8,PE,1581212442
261,kamen-rybolov,44.75,132.04,7.03,76,100,4.05,RU,1581212443
262,provideniya,64.38,-173.3,-21.86,90,0,10.83,RU,1581212443
263,yaan,7.38,8.57,72.55,45,13,5.17,NG,1581212443
264,berea,41.37,-81.85,30.99,92,90,3.56,US,1581212443
265,shaunavon,49.65,-108.42,15.87,90,100,14.92,CA,1581212443
266,victor harbor,-35.57,138.62,87.01,39,0,14.99,AU,1581212443
267,meulaboh,4.14,96.13,79.88,77,3,9.95,ID,1581212443
268,kiama,-34.68,150.87,66.99,100,90,23.04,AU,1581212443
269,semirom,31.42,51.57,25.52,97,27,11.07,IR,1581212443
270,viedma,-40.81,-63.0,55.92,73,0,4.41,AR,1581212443
271,rongcheng,30.63,117.85,46.0,80,0,0.92,CN,1581212443
272,kawalu,-7.38,108.21,77.72,79,99,4.41,ID,1581212443
273,twentynine palms,34.14,-116.05,69.8,22,1,19.46,US,1581212348
274,horsham,51.06,-0.33,50.0,76,75,16.11,GB,1581212350
275,luang prabang,19.89,102.13,78.39,52,16,2.48,LA,1581212444
276,dalianwan,39.03,121.69,35.6,64,11,6.71,CN,1581212444
277,broome,42.25,-75.83,24.01,92,90,5.82,US,1581211854
278,mareeba,-17.0,145.43,93.99,59,91,4.7,AU,1581212444
279,vao,-22.67,167.48,80.56,85,25,19.17,NC,1581212444
280,pringsewu,-5.36,104.97,77.65,84,100,0.65,ID,1581212444
281,alofi,-19.06,-169.92,78.8,94,100,6.93,NU,1581212444
282,majene,-3.54,118.97,78.93,79,100,1.77,ID,1581212444
283,guerrero negro,27.98,-114.06,61.02,78,59,6.87,MX,1581212368
284,faya,18.39,42.45,59.0,87,21,3.91,SA,1581212444
285,kyra,49.58,111.98,14.31,77,100,1.72,RU,1581212444
286,portage,41.17,-81.2,32.0,92,90,3.51,US,1581212444
287,kavieng,-2.57,150.8,83.77,80,94,15.9,PG,1581212444
288,alekseyevsk,57.84,108.35,17.73,93,100,12.44,RU,1581212444
289,zhigansk,66.77,123.37,-12.6,94,100,18.7,RU,1581212199
290,nouadhibou,20.93,-17.03,64.4,77,0,20.8,MR,1581212445
291,oksfjord,70.24,22.35,37.4,85,100,9.17,NO,1581212445
292,chapais,49.78,-74.85,-18.4,75,1,3.36,CA,1581212445
293,kailua,21.4,-157.74,78.8,53,40,16.11,US,1581212445
294,saint-louis,16.33,-15.0,73.38,11,100,12.66,SN,1581212445
295,samur,41.83,48.49,33.21,81,100,35.25,RU,1581212445
296,kalmunai,7.42,81.82,79.63,68,4,11.39,LK,1581212445
297,saint anthony,45.02,-93.22,16.0,40,1,5.82,US,1581211849
298,howard springs,-12.5,131.05,91.0,74,75,12.75,AU,1581212445
299,belle fourche,44.67,-103.85,32.0,100,90,9.17,US,1581212445
300,nykoping,58.75,17.01,35.6,93,75,5.82,SE,1581212445
301,whitehorse,60.72,-135.05,24.8,73,75,16.11,CA,1581212445
302,pitimbu,-7.47,-34.81,78.8,88,20,6.93,BR,1581211848
303,coquimbo,-29.95,-71.34,60.8,87,20,8.05,CL,1581212445
304,tuktoyaktuk,69.45,-133.04,-25.6,74,90,3.36,CA,1581212445
305,tatarsk,55.22,75.98,10.24,95,100,5.88,RU,1581212446
306,bugene,-1.59,31.14,60.94,87,47,2.28,TZ,1581212446
307,cap malheureux,-19.98,57.61,77.0,73,20,5.82,MU,1581212446
308,hobyo,5.35,48.53,72.54,83,100,9.75,SO,1581212446
309,les cayes,18.2,-73.75,80.22,73,0,9.08,HT,1581212446
310,umba,66.69,34.34,29.93,93,100,11.16,RU,1581212446
311,smiltene,57.42,25.9,34.0,96,88,4.0,LV,1581212446
312,yambio,4.57,28.4,73.63,29,23,4.76,SS,1581212446
313,aykhal,66.0,111.5,-5.8,83,0,2.24,RU,1581212446
314,awbari,26.59,12.78,47.19,42,0,8.84,LY,1581212446
315,chichihualco,17.68,-99.65,59.29,93,0,2.55,MX,1581212446
316,walvis bay,-22.96,14.51,63.0,87,9,5.82,NA,1581212446
317,sri aman,1.24,111.46,80.6,88,75,1.5,MY,1581212322
318,estelle,29.85,-90.11,62.6,77,40,4.7,US,1581212447
319,buala,-8.14,159.59,83.77,79,12,15.26,SB,1581212447
320,baoqing,46.33,132.21,6.22,84,85,6.93,CN,1581212447
321,salinas,36.68,-121.66,57.2,71,1,9.17,US,1581212447
322,vallenar,-28.57,-70.76,57.13,91,13,1.86,CL,1581212447
323,mpika,-11.83,31.45,64.47,92,100,1.52,ZM,1581212447
324,ust-maya,60.42,134.53,-17.55,87,0,4.76,RU,1581212447
325,kondinskoye,59.65,67.41,-15.0,95,0,5.77,RU,1581212447
326,margate,51.38,1.39,48.2,87,100,28.86,GB,1581212447
327,young,-32.68,-57.63,72.0,78,0,3.0,UY,1581212447
328,griffith,41.53,-87.42,32.0,79,90,4.47,US,1581212447
329,abalak,58.13,68.59,-5.6,95,100,5.93,RU,1581212447
330,anadyr,64.75,177.48,-18.0,75,4,11.18,RU,1581212447
331,necochea,-38.55,-58.74,59.0,75,67,7.0,AR,1581212447
332,maumere,-8.62,122.21,80.64,84,100,12.84,ID,1581212448
333,uyuni,-20.46,-66.83,51.01,65,75,14.16,BO,1581212448
334,boueni,-12.9,45.08,78.8,94,0,2.24,YT,1581212448
335,kasungu,-13.03,33.48,65.32,97,100,3.53,MW,1581212448
336,grande prairie,55.17,-118.8,26.6,53,20,9.17,CA,1581212448
337,ojinaga,29.57,-104.42,71.6,21,1,2.91,MX,1581212448
338,astoria,46.19,-123.83,48.0,70,90,8.05,US,1581212448
339,quatre cocos,-20.21,57.76,77.0,73,20,5.82,MU,1581212448
340,dire dawa,9.59,41.87,55.58,43,100,0.65,ET,1581212448
341,ubala,4.75,-72.54,84.02,44,0,7.74,CO,1581212448
342,moyale,3.52,39.06,72.61,41,3,9.98,KE,1581212448
343,floro,61.6,5.03,46.0,56,100,36.91,NO,1581212449
344,bengkulu,-3.8,102.27,84.65,61,100,3.11,ID,1581212374
345,richards bay,-28.78,32.04,77.76,84,100,10.42,ZA,1581212449
346,flinders,-34.58,150.86,68.0,100,90,23.04,AU,1581212449
347,north platte,41.12,-100.77,46.4,49,1,8.05,US,1581212449
348,sisimiut,66.94,-53.67,-7.55,96,100,6.38,GL,1581211853
349,abu samrah,35.3,37.18,30.72,46,100,6.38,SY,1581212449
350,gat,31.61,34.76,53.6,71,75,8.05,IL,1581212449
351,latehar,23.75,84.5,56.7,47,0,2.46,IN,1581212292
352,padang,-0.95,100.35,79.07,64,100,2.35,ID,1581212449
353,denpasar,-8.65,115.22,82.4,88,75,8.05,ID,1581212238
354,norman wells,65.28,-126.83,-5.8,83,75,2.24,CA,1581211850
355,hamilton,39.18,-84.53,34.0,90,90,4.7,US,1581212449
356,thouars,46.98,-0.22,46.0,100,40,8.05,FR,1581212449
357,bageshwar,29.85,79.77,42.85,16,0,0.4,IN,1581212450
358,garachine,8.06,-78.36,78.48,79,5,18.41,PA,1581212450
359,synya,65.37,58.04,-11.24,96,99,9.89,RU,1581212450
360,makarov,48.63,142.8,3.79,68,51,6.53,RU,1581212450
361,itacare,-14.28,-39.0,82.4,78,40,6.93,BR,1581212450
362,galesong,-5.32,119.37,77.0,94,40,2.24,ID,1581212450
363,daru,-9.08,143.21,79.47,84,95,5.37,PG,1581212450
364,hammerfest,70.66,23.68,37.4,82,20,8.05,NO,1581212450
365,clyde river,70.47,-68.59,-27.4,74,75,9.17,CA,1581212450
366,yerbogachen,61.28,108.01,8.87,89,100,11.81,RU,1581211851
367,sena madureira,-9.07,-68.66,72.03,96,7,4.07,BR,1581212450
368,nguruka,-5.11,31.04,63.82,97,11,3.6,TZ,1581212450
369,bud,39.45,-86.18,32.0,92,90,6.93,US,1581212450
370,gornopravdinsk,60.05,69.9,-15.45,98,4,4.36,RU,1581212450
371,lata,40.16,-8.33,52.0,93,20,1.12,PT,1581212451
372,poum,-20.23,164.02,82.31,82,100,30.53,NC,1581212451
373,benguela,-12.58,13.41,78.58,85,97,5.53,AO,1581212451
374,nara,34.69,135.8,44.01,51,40,6.93,JP,1581212451
375,homer,59.64,-151.55,41.0,64,90,23.04,US,1581212451
376,ust-barguzin,53.45,108.98,11.7,89,96,4.45,RU,1581212451
377,nalut,30.33,10.85,46.33,39,54,8.23,LY,1581212451
378,eirunepe,-6.66,-69.87,73.51,97,98,1.7,BR,1581212158
379,cuauhtemoc,28.42,-106.87,48.99,40,89,10.27,MX,1581212218
380,muzhi,65.37,64.67,-2.4,85,54,9.82,RU,1581212451
381,ketchikan,55.34,-131.65,39.2,97,90,13.87,US,1581212451
382,mayskiy,47.69,40.1,6.8,84,40,8.32,RU,1581212451
383,mecca,21.43,39.83,62.2,50,0,3.47,SA,1581212451
384,san quintin,30.48,-115.95,39.99,25,16,11.01,MX,1581212452
385,asau,46.43,26.4,28.4,79,15,3.36,RO,1581212452
386,lazaro cardenas,17.96,-102.2,74.19,66,0,1.07,MX,1581212452
387,taguatinga,-12.39,-46.57,68.56,96,100,1.34,BR,1581212452
388,airai,-8.93,125.41,77.04,78,67,2.84,TL,1581212452
389,vestmannaeyjar,63.44,-20.27,36.9,67,97,8.7,IS,1581211855
390,manggar,-2.88,108.27,82.0,75,80,7.09,ID,1581212452
391,zyryanovsk,49.74,84.27,20.55,65,100,1.07,KZ,1581212452
392,sundargarh,22.12,84.03,55.4,93,0,10.29,IN,1581212452
393,dalby,-27.18,151.27,82.99,73,90,6.93,AU,1581212452
394,oktyabrskiy,54.48,53.47,-13.83,97,28,3.02,RU,1581212452
395,requena,39.49,-1.1,51.01,93,3,3.36,ES,1581212453
396,balugaon,20.17,85.1,62.28,90,98,2.57,IN,1581212453
397,birin,26.89,88.07,46.67,52,0,3.8,NP,1581212453
398,antalaha,-14.9,50.28,79.5,79,0,14.58,MG,1581212453
399,bathsheba,13.22,-59.52,78.8,78,75,17.22,BB,1581212432
400,matara,5.95,80.54,77.43,67,21,7.78,LK,1581212453
401,pampa,35.54,-100.96,57.2,46,1,20.8,US,1581212453
402,sorong,-0.88,131.25,87.44,58,87,7.31,ID,1581212453
403,tocopilla,-22.09,-70.2,59.88,46,41,3.56,CL,1581212453
404,ahuimanu,21.44,-157.84,78.8,53,40,16.11,US,1581212453
405,shingu,33.73,135.98,41.0,41,40,20.8,JP,1581212453
406,belmonte,-15.86,-38.88,78.8,83,20,4.7,BR,1581212453
407,tuatapere,-46.13,167.68,55.0,87,76,13.0,NZ,1581212453
408,harqalah,36.03,10.51,54.0,81,72,3.36,TN,1581212454
409,morondava,-20.28,44.28,74.08,86,13,0.51,MG,1581212454
410,santiago de chuco,-8.15,-78.18,45.93,92,100,3.11,PE,1581212454
411,vavozh,56.78,51.93,-6.18,98,82,4.92,RU,1581212454
412,kipushi,-11.77,27.23,62.13,97,35,4.63,CD,1581212454
413,mangan,27.52,88.53,42.85,19,0,3.44,IN,1581212454
414,arlit,18.74,7.39,59.86,16,0,11.25,NE,1581212454
415,quimper,48.0,-4.1,51.8,81,90,17.22,FR,1581212261
416,nalobikha,53.2,84.6,33.04,85,100,6.31,RU,1581212454
417,mananjary,-21.22,48.33,77.7,77,21,3.29,MG,1581212454
418,gobabis,-22.45,18.97,67.42,26,2,11.65,NA,1581212454
419,hudson bay,52.85,-102.38,8.53,92,0,6.53,CA,1581212454
420,mehamn,71.04,27.85,32.18,84,90,10.96,NO,1581212455
421,mansa,29.98,75.38,49.15,56,0,2.01,IN,1581212455
422,grand gaube,-20.01,57.66,77.0,73,20,5.82,MU,1581212455
423,channel-port aux basques,47.57,-59.14,20.41,84,100,19.22,CA,1581212455
424,acari,-15.43,-74.62,65.91,85,100,3.2,PE,1581212427
425,bradford,53.79,-1.75,46.99,87,75,27.51,GB,1581212455
426,eureka,40.8,-124.16,48.99,70,75,23.04,US,1581212455
427,ust-ilimsk,58.0,102.66,32.32,96,100,15.43,RU,1581212455
428,kpandu,7.0,0.29,70.36,58,41,2.55,GH,1581212455
429,acapulco,16.86,-99.89,80.6,74,20,3.36,MX,1581212165
430,esil,51.96,66.4,5.11,96,100,7.87,KZ,1581212455
431,zeya,53.75,127.27,-7.83,91,100,2.15,RU,1581212455
432,stromness,58.97,-3.3,39.2,80,100,19.46,GB,1581212255
433,marawi,8.0,124.29,80.01,70,39,3.0,PH,1581212456
434,alta floresta,-9.88,-56.09,69.28,99,86,2.95,BR,1581212456
435,pauini,-7.71,-66.98,72.95,98,94,1.54,BR,1581212456
436,maragogi,-9.01,-35.22,81.39,75,96,10.87,BR,1581212217
437,yichang,30.71,111.28,53.31,56,0,2.98,CN,1581212456
438,dieppe,49.75,1.17,46.99,87,90,14.99,FR,1581212456
439,bima,-8.47,118.72,82.94,76,100,2.59,ID,1581212456
440,sagauli,26.78,84.73,57.42,51,0,4.43,IN,1581212456
441,wencheng,33.06,113.8,53.96,51,0,8.68,CN,1581212456
442,kolokani,13.57,-8.03,65.64,12,0,7.94,ML,1581212456
443,sola,-13.88,167.55,83.59,80,100,20.6,VU,1581212456
444,half moon bay,37.46,-122.43,61.0,76,1,16.11,US,1581212341
445,wagga wagga,-35.12,147.37,69.8,64,90,19.46,AU,1581212457
446,turbana,10.27,-75.44,80.6,78,43,9.17,CO,1581212457
447,ilulissat,69.22,-51.1,10.4,66,66,1.12,GL,1581212457
448,malakal,9.53,31.66,77.58,13,35,13.4,SS,1581212457
449,arawa,-6.21,155.54,85.69,73,100,13.65,PG,1581212457
450,nokha,27.6,73.42,55.17,34,0,7.65,IN,1581212457
451,uga,5.94,7.08,70.05,89,83,2.95,NG,1581212457
452,usinsk,65.99,57.53,-11.52,98,100,14.81,RU,1581212457
453,ayan,56.45,138.17,-1.34,62,0,0.2,RU,1581212457
454,iralaya,15.0,-83.23,80.33,76,0,17.67,HN,1581212457
455,forssa,60.78,23.6,37.0,96,100,1.99,FI,1581212457
456,tual,-5.67,132.75,79.02,89,100,16.73,ID,1581212457
457,kurilsk,45.23,147.88,11.79,81,100,22.12,RU,1581212457
458,camara de lobos,32.63,-16.97,64.4,72,20,5.82,PT,1581212458
459,asfi,32.3,-9.24,52.14,93,100,9.01,MA,1581212458
460,hailun,47.45,126.93,4.39,92,100,8.59,CN,1581212458
461,wisconsin rapids,44.38,-89.82,21.2,78,1,5.14,US,1581212241
462,keti bandar,24.14,67.45,62.49,27,27,10.85,PK,1581212458
463,lagodekhi,41.83,46.28,28.4,92,90,4.7,GE,1581212458
464,arti,56.42,58.53,-7.17,97,92,5.66,RU,1581212458
465,mwingi,-0.93,38.06,63.23,82,1,2.42,KE,1581212458
466,ihosy,-22.4,46.12,64.76,89,52,8.5,MG,1581212458
467,gberia fotombu,9.88,-11.17,63.07,16,0,2.13,SL,1581212458
468,la ronge,55.1,-105.28,14.0,72,5,8.05,CA,1581212458
469,millinocket,45.66,-68.71,7.0,60,1,9.17,US,1581212458
470,port hedland,-20.32,118.57,86.0,74,40,25.28,AU,1581212459
471,arys,42.43,68.8,59.0,34,100,11.18,KZ,1581212459
472,vilhena,-12.74,-60.15,69.37,98,96,6.15,BR,1581212334
473,kasongo-lunda,-6.47,16.82,65.93,97,100,2.13,CD,1581212459
474,bandundu,-3.32,17.37,71.89,95,100,9.53,CD,1581212459
475,marquette,46.53,-87.63,16.0,72,5,8.05,US,1581212459
476,itoman,26.12,127.67,64.4,45,20,17.22,JP,1581212459
477,bandarbeyla,9.49,50.81,75.67,79,55,20.51,SO,1581212459
478,coromandel,-18.47,-47.2,63.64,98,100,10.51,BR,1581212459
479,praia da vitoria,38.73,-27.07,62.6,82,40,15.48,PT,1581212459
480,dalbandin,28.89,64.41,53.65,40,47,5.39,PK,1581212459
481,broken hill,-31.95,141.43,68.0,88,90,18.34,AU,1581212460
482,morros,-9.45,-46.3,69.4,95,100,4.9,BR,1581212460
483,bheramara,24.02,88.99,68.11,39,0,6.69,BD,1581212460
484,turbat,26.0,63.04,61.32,73,87,1.07,PK,1581212460
485,shitkino,56.37,98.35,34.81,85,100,12.57,RU,1581212460
486,namibe,-15.2,12.15,75.2,79,9,11.59,AO,1581212460
487,maningrida,-12.07,134.27,86.47,72,100,9.84,AU,1581212460
488,santa cruz del sur,20.71,-78.0,78.67,74,48,19.71,CU,1581212460
489,la romana,18.43,-68.97,78.8,88,20,4.7,DO,1581212205
490,erenhot,43.65,111.98,22.17,65,0,12.64,CN,1581212460
491,ivdel,60.69,60.42,-8.16,88,0,3.62,RU,1581212460
492,yulara,-25.24,130.99,95.0,14,1,16.11,AU,1581212460
493,cornelio procopio,-23.18,-50.65,77.0,88,20,2.24,BR,1581212460
494,luanda,-8.84,13.23,80.6,83,40,3.36,AO,1581212192
495,mobaye,4.32,21.18,77.9,37,100,1.3,CF,1581212461
496,paso de los toros,-32.82,-56.52,63.34,83,0,12.73,UY,1581212461
497,monrovia,6.3,-10.8,77.0,94,20,4.38,LR,1581212461
498,mattru,7.62,-11.83,72.93,98,13,2.91,SL,1581212461
499,flin flon,54.77,-101.86,6.49,95,77,7.02,CA,1581212461
500,kenda,23.2,86.53,57.2,87,41,10.02,IN,1581212461
501,pombas,17.15,-25.02,69.8,77,75,27.51,CV,1581212461
502,troitsko-pechorsk,62.71,56.2,-10.8,99,59,4.43,RU,1581212461
503,rocha,-34.48,-54.33,66.78,69,100,13.13,UY,1581212461
504,nizwa,22.93,57.53,56.73,56,80,1.05,OM,1581212461
505,high level,58.52,-117.14,10.4,92,40,1.68,CA,1581212461
506,salinopolis,-0.61,-47.36,78.87,81,100,16.28,BR,1581212461
507,tambun,-6.26,107.07,90.0,88,20,5.82,ID,1581212461
508,bucerias,20.75,-105.33,77.0,73,75,9.17,MX,1581212462
509,takaka,-40.85,172.8,73.99,61,38,7.0,NZ,1581212462
510,samfya,-11.36,29.56,63.79,96,77,2.84,ZM,1581212462
511,garanhuns,-8.89,-36.49,67.69,95,100,7.23,BR,1581212462
512,innisfail,-17.53,146.03,90.0,48,100,1.99,AU,1581212462
513,bulungu,-4.55,18.6,68.86,97,100,7.7,CD,1581212462
514,bukama,-9.2,25.85,68.09,98,31,2.13,CD,1581212462
515,bom jesus,-9.07,-44.36,70.3,93,100,1.79,BR,1581212458
516,waterford,42.7,-83.4,28.4,79,90,5.82,US,1581212416
517,juba,4.85,31.58,77.74,43,99,4.34,SS,1581212462
518,blackwater,-23.58,148.88,94.24,28,15,9.75,AU,1581212463
519,vila franca do campo,37.72,-25.43,62.6,93,75,16.11,PT,1581212463
520,peleduy,59.63,112.74,8.1,92,100,3.62,RU,1581212463
521,shimoda,34.67,138.95,51.01,42,20,18.34,JP,1581212463
522,ambon,-3.7,128.18,91.4,55,20,5.82,ID,1581212463
523,hirado,33.36,129.55,44.6,76,75,11.41,JP,1581212463
524,doha,25.29,51.53,69.8,64,72,10.29,QA,1581212463
525,sarangani,5.4,125.46,80.17,77,51,22.03,PH,1581212463
526,abapo,-18.83,-63.47,68.23,96,100,1.43,BO,1581212463
527,gravdal,68.12,13.5,40.53,87,100,26.28,NO,1581212463
528,hokitika,-42.72,170.97,59.61,69,0,6.98,NZ,1581212464
529,iskateley,67.68,53.15,6.64,94,100,17.94,RU,1581212464
530,tulun,54.56,100.58,30.79,76,100,7.47,RU,1581212464
531,lewistown,40.6,-77.57,34.0,74,75,4.7,US,1581212407
532,knysna,-34.04,23.05,66.2,93,80,5.82,ZA,1581212457
533,umm lajj,25.02,37.27,53.6,48,88,7.34,SA,1581212464
534,hofn,64.25,-15.21,38.39,63,29,6.53,IS,1581212464
535,nyaunglebin,17.95,96.73,85.08,28,21,4.0,MM,1581212464
536,leshukonskoye,64.9,45.76,15.33,94,100,8.25,RU,1581212464
537,amursk,50.23,136.9,-6.11,90,100,3.89,RU,1581212395
538,rio grande da serra,-23.74,-46.4,79.0,78,0,3.36,BR,1581212464
539,kuryk,43.2,51.65,34.29,97,100,24.54,KZ,1581212464
540,kismayo,-0.36,42.55,79.56,84,80,11.14,SO,1581212464
541,taunggyi,20.78,97.03,74.1,36,58,3.22,MM,1581212464
542,kintampo,8.06,-1.73,73.51,17,37,0.81,GH,1581212465
543,nome,64.5,-165.41,1.4,84,90,8.05,US,1581212465
544,adrar,20.5,-10.07,65.84,13,83,9.71,MR,1581212465
545,itarema,-2.92,-39.92,75.34,93,97,3.94,BR,1581212465
546,hualmay,-11.1,-77.61,70.41,78,100,3.44,PE,1581212465
547,storslett,69.77,21.02,40.32,69,100,6.78,NO,1581212465
548,progreso,21.28,-89.67,78.8,74,75,8.05,MX,1581212465
549,nakano,36.75,138.37,36.0,72,3,8.01,JP,1581212465
550,palmer,42.16,-72.33,28.99,58,1,6.93,US,1581212465
551,buraydah,26.33,43.98,50.0,61,29,3.36,SA,1581212465
552,vostok,46.49,135.88,-0.18,75,10,3.8,RU,1581212249
553,lotofaga,-13.98,-171.86,84.0,89,100,15.01,WS,1581212466
554,cockburn town,21.46,-71.14,78.39,76,0,19.39,TC,1581212341
555,yar-sale,66.83,70.83,-0.22,96,100,5.99,RU,1581212466
556,sault sainte marie,46.52,-84.33,6.8,65,90,4.7,CA,1581212466
557,warsaw,52.23,21.01,34.0,86,0,3.36,PL,1581212335
558,port moresby,-9.44,147.18,78.8,94,75,11.41,PG,1581212282
559,buctzotz,21.2,-88.78,71.08,94,95,5.21,MX,1581212466
560,castleisland,52.23,-9.47,53.01,93,75,29.97,IE,1581212466
561,turukhansk,65.82,87.98,-7.24,92,91,6.15,RU,1581212466
562,samarai,-10.62,150.67,87.55,60,100,12.55,PG,1581212466
563,ancud,-41.87,-73.82,57.2,67,1,3.36,CL,1581212466
564,balkanabat,39.51,54.37,44.56,82,33,7.85,TM,1581212466
565,dharchula,29.85,80.53,31.19,21,0,10.11,IN,1581212466
566,khandyga,62.67,135.6,-17.75,78,0,1.72,RU,1581212467
567,hambantota,6.12,81.12,69.8,100,8,2.24,LK,1581212467
568,portland,45.52,-122.68,46.4,70,75,10.29,US,1581212371
569,parainen,60.3,22.3,37.0,100,90,13.87,FI,1581212467
570,calama,-22.47,-68.93,62.6,29,65,14.99,CL,1581212330
571,waiuku,-37.25,174.75,78.01,49,0,16.11,NZ,1581212467
572,mvuma,-19.28,30.53,64.13,90,100,10.25,ZW,1581212467
573,ostrovnoy,68.05,39.51,23.86,91,100,16.84,RU,1581212467
